[MAP]
resources\scene2\map.txt
[OBJECTS]
# type	x	y	ani_set_id	extra_settings per object type
12	96	160
12	146	114
12	146	191.9
#11	302	114
13	32	312
14	392	672
14	360	574
14	392	800
15	300	832
15	32	960
15	334	960
#	<WORM>
10	224	1002
10	160	1022
#	<DOME>
11	160	1202.1	3	1
11	224	1202.1	3	1
11	302	1202.1	3	1
[BRICK]
# left	top	right	bottom
1	32	32	480	0
2	0	1280	32	0
3	32	96	160	64	
4	224	96	480	64
5	480	1280	512	0
6	32	160	96	128
7	320	192	352	116
8	416	160	480	128
9	96	224	416	192
10	32	272	112	256
11	32	288	160	272
12	144	272	160	256
13	416	288	480	256
14	256	320	288	244
15	160	352	416	320
16	32	416	224	384
17	416	416	480	384
18	320	448	352	372
19	96	480	160	448
20	224	480	416	448
21	32	544	96	512
22	416	544	480	512
23	256	576	288	500
24	96	608	416	576
25	416	672	480	640
26	288	736	416	704
27	32	736	224	704
28	32	800	96	768
29	96	864	352	832
30	352	928	416	896
31	32	992	352	960
32	96	1056	480	1040
33	96	1040	112	1024
34	144	1040	176	1024
35	208	1040	240	1024
36	272	1040	304	1024
37	336	1040	480	1024
38	32	1120	160	1088
39	352	1120	480	1088
40	256	1152	288	1076
41	96	1184	352	1152
42	416	1184	480	1152
43	32	1280	480	1232
44	32	1232	112	1216
44	144	1232	176	1216
44	208	1232	240	1216
44	272	1232	480	1216
[CHONG_NHON]
1	112	272	144	256
2	112	1040	144	1024
3	176	1040	208	1024
4	240	1040	272	1024
5	304	1040	336	1024
6	112	1232	144	1216
6	176	1232	208	1216
6	240	1232	272	1216
[PORTAL]
1	32	128	64	96	1	180	180
2	448	128	480	96	3	180	180
3	448	1152	480	1120	4	80	128