[MAP]
resources\scene4\map.txt	15	64
[OBJECTS]
# type	x	y	ani_set_id	extra_settings per object type
# type: 0 = Mario , 1 = Brick, 2 = Goomba
# MARIO
16	142	144	16
16	302	144	16
[BRICK]
# left	top	right	bottom
1	0	96	512	64
2	0	224	32	96
3	32	176	48	144
3	96	176	112	144
3	160	176	176	144
3	224	176	240	144
3	288	176	304	144
3	352	176	368	144
3	416	176	432	144
4	480	208	512	96
5	32	208	480	176
6	64	224	96	208
6	128	224	160	208
6	192	224	224	208
6	256	224	288	208
6	320	224	352	208
6	384	224	416	208
6	448	224	480	208
[PORTAL]
1	32	128	64	96	2 	100	1000
1	448	128	480	96	5 	80	128