[MAP]
resources\scene5\map.txt	15	64
[OBJECTS]
# type	x	y	ani_set_id	extra_settings per object type
# type: 0 = Mario , 1 = Brick, 2 = Goomba
# MARIO
101	56	156	1
[BRICK]
# left	top	right	bottom
1	0	32	512	0
2	0	976	32	32
3	32	976	480	960
4	480	976	512	32
5	32	96	160	64
5	224	96	352	64
5	416	96	480	64
6	32	144	96	128
6	160	160	224	128
6	288	160	480	128
6	32	160	48	144
6	80	160	96	144
7	96	224	176	192
7	176	208	208	192
7	208	224	288	192
7	352	224	416	192
8	32	288	48	256
8	48	272	80	256
8	80	288	160	256
9	224	288	240	256
9	240	272	272	256
9	272	288	352	256
10	96	352	224	320
10	288	352	304	320
10	304	336	336	320
10	336	352	416	320
11	32	416	288	384
11	352	416	416	384
12	32	480	96	448
12	160	480	176	448
12	176	464	208	448
12	208	480	352	448
13	96	544	160	512
13	224	544	416	512
14	32	608	96	576
14	160	608	224	576
14	288	608	304	576
14	304	592	336	576
14	336	608	352	576
15	96	672	112	640
15	112	656	144	640
15	144	672	160	640
15	224	672	288	640
16	32	736	96	704
16	160	736	176	704
16	176	720	208	704
16	208	736	224	704
17	96	800	112	768
17	112	784	144	768
17	144	800	160	768
18	32	864	96	832
19	32	928	96	896
19	352	928	416	896
[CHONG_NHON]
[FIRE]
1	48	160	80	144
2	176	224	208	208
8	48	288	80	272
9	240	288	272	272
10	304	352	336	336
12	176	480	208	464
14	304	608	336	592
15	112	672	144	656
16	176	736	208	720
17	112	800	144	784
[BREAK_WALL]
[PORTAL]
1	32	128	64	96	4	100	100
2	448	128	480	96	7	100	100
3	32	896	64	864	3	416	640
[STAIR]