[MAP]
resources\scene3\map.txt	15	64
[OBJECTS]
# type	x	y	ani_set_id	extra_settings per object type
# type: 0 = Mario , 1 = Brick, 2 = Goomba
# MARIO
14	384	736	350	784	432	673	1	-1
14	256	608	224	664	288	560	1	1
14	286	864	254	925	318	797	1	-1
17	384	936
17	240	936
17	224	1064
16	368	1152	-1
16	96	1279	1
14	416	1408	410	1409	424	1362	1	-1
14	334	1394	326	1409	354	1362	-1	1
#	<JUMPER>
13	431	1466.1
13	335	1466.1
15	32.1	1490
15	206	1490
13	335	1594.1
[BRICK]
# left	top	right	bottom
1	0	32	512	0
2	0	1856	32	32
3	480	1856	512	32
4	32	96	160	64
4	416	96	480	64
5	32	160	96	128
5	160	160	416	128
6	224	225	288	192
6	160	256	192	180
7	288	288	480	256
7	32	288	224	256
8	32	352	96	320
8	416	352	480	320
8	288	384	320	288
9	96	400	416	384
10	96	416	160	400
10	224	416	416	400
11	416	480	480	448
12	32	528	416	512
13	32	544	224	528
13	288	544	416	528
14	32	608	160	576
14	352	608	480	576
14	96	672	128	628
15	32	672	128	640
15	160	672	352	640
15	416	672	480	640
16	32	736	160x	704
16	160	768	192	692
16	288	736	352	704
17	352	800	480	768
17	96	800	288	768
18	32	864	96	832
18	416	864	480	832
18	160	896	192	820
19	32	912	416	896
20	32	928	288	912
20	352	928	416	912
21	32	992	96	960
22	96	1040	288	1024
23	96	1056	160	1040
23	224	1056	288	1040
24	288	1120	480	1088
25	32	1184	288	1152
25	416	1184	480	1152
26	96	1248	160	1216
27	32	1312	96	1280
27	160	1296	480	1280
27	160	1312	224	1296
27	288	1312	480	1296
28	352	1376	416	1344
29	416	1440	480	1408
29	32	1424	352	1408
29	32	1440	96	1424
29	160	1440	352	1424
30	224	1504	288	1472
31	288	1568	416	1536
32	416	1632	480	1600
32	224	1632	288	1600
32	32	1632	48	1600
32	64	1632	96	1600
33	416	1696	480	1664
34	32	1856	480	1728
[CHONG_NHON]
1	320	128	64	96
[FIRE]
1	160	416	224	400
2	224	544	288	528
3	288	928	352	912
4	160	1056	224	1040
5	224	1312	288	1296
6	96	1440	160	1424
[SECRET_WALL]
1	160	180	192	160
#2	96	628	128	608
3	160	692	192	692
4	160	820	192	800
[PORTAL]
1	32	128	64	96	5 	180	180
2	32	640	64	608	10	96	96
3	448	640	480	608	5	72	896
4	32	896	63	864	4	180	180
5	448	1152	480	1120	4	180	180
6	448	1664	480	1632	7	70	128
7	80	1664	96	1632	11	108	128
[STAIR]
1	48	1648	64	1440	1633